0000000000000000000010000000000000000000
0000000000000000000111000000000000000000
0000000000000000001100100000000000000000
0000000000000000011011110000000000000000
0000000000000000110010001000000000000000
0000000000000001101111011100000000000000
0000000000000011001000010010000000000000
0000000000000110111100111111000000000000
0000000000001100100011100000100000000000
0000000000011011110110010001110000000000
0000000000110010000101111011001000000000
0000000001101111001101000010111100000000
0000000011001000111001100110100010000000
0000000110111101100111011100110111000000
0000001100100001011100010011100100100000
0000011011110011010010111110011111110000
0000110010001110011110100001110000001000
0001101111011001110000110011001000011100
0011001000010111001001101110111100110010
0110111100110100111111001000100011101111
